0 untitled model
0 Name: 
0 Author: Allen Smith
0 Unofficial Model
1 4 0 0 0 0 1 0 -1 0 0 0 0 1 3004.dat
1 25 38 6 0 0.707107 0.707107 0 -0.707107 0.707107 0 0 0 1 3004.dat
1 14 62 38 0 1 0 0 -0 1 0 0 0 1 3004.dat
1 2 56 77 0 0.707107 -0.707107 0 0.707107 0.707107 0 0 0 1 3004.dat
1 3 24 100 0 -0 -1 0 1 -0 0 0 0 1 3004.dat
1 1 -14 94 0 -0.707106 -0.707106 0 0.707106 -0.707106 0 0 0 1 3004.dat
1 272 -37 62 0 -1 0 0 -0 -1 0 0 0 1 3004.dat
1 22 -32 23 0 -0.707106 0.707106 0 -0.707106 -0.707106 0 0 0 1 3004.dat