0 full Indiana Jones Figure

0 fedora / indy head / bag / indy torso / indy legs
1  70  0 -56 0  1 0 0  0 1 0  0 0 1  61506.dat
1  78  0 -56 0  1 0 0  0 1 0  0 0 1  3626bpx395.dat
1  70  0 -32 0  1 0 0  0 1 0  0 0 1  61976.dat
1 308  0 -32 0  1 0 0  0 1 0  0 0 1  973pa9.dat

1 308 -15.552 -23 0  0.9855 -0.1699 0   0.1699 0.9855 0  0 0 1 3818.DAT
1 308  15.552 -23 0  0.9855  0.1699 0  -0.1699 0.9855 0  0 0 1 3819.DAT
1 78 23.552 -6 -10  0.942 -0.335 0.0072  0.2404 0.6906 -0.6821  0.2336 0.6409 0.7312 3820.DAT
1 78 -23.552 -6 -10  0.942 0.335 0.0072  -0.2404 0.6906 -0.6821  -0.2336 0.6409 0.7312 3820.DAT

1  28  0   0 0  1 0 0  0 1 0  0 0 1  970c00px50.dat

